Presicion:0.878124
Recall:0.918922
F1:0.898060