Presicion:0.901214
Recall:0.927852
F1:0.914339